a <- 1
b <- 3
<<<<<<< HEAD
c <- 27
d <- 5

=======
>>>>>>> a48d4faba0418161c920a2bb597c0c0562d3686e
