a <- 1
b <- 3
c <- 27
d <- 5

